Total amount of free biome ids: C:\MultiMC\instances\jCraft1\minecraft\config\AntiIDConflict\biomes\avaibleIDs.txt
List of free biome ids:
40
41
42
43
44
45
46
48
49
50
51
52
53
54
55
56
57
58
59
60
61
62
63
64
65
66
67
68
70
71
72
73
75
76
77
78
79
80
81
82
83
84
85
86
87
88
89
90
91
92
93
94
95
96
97
98
107
108
109
110
111
112
113
114
115
116
117
118
119
120
121
122
123
124
128
135
136
137
138
139
150
152
153
154
159
168
188
189
190
191
196
197
198
199
200
201
202
203
204
205
206
207
208
209
210
211
212
213
214
215
216
217
218
219
220
221
222
223
224
225
226
228
235
236
237
238
239
240
241
242
243
244
245
246
247
248
249
250
251
252
254
255
